 1838784.000000
1914521.375000
2056249.500000
1929327.250000
1885554.000000
2005928.000000
2090558.500000
1852412.500000
1996864.750000
1874187.000000
1766103.250000
2041564.000000
1912237.750000
1957118.125000
1947368.875000
1906822.125000
1832736.000000
1901624.875000
1966487.500000
1960229.750000
1953016.375000
2029519.500000
1912451.250000
1822315.125000
1905004.625000
1789438.000000
1990002.000000
1944409.250000
1799493.125000
1925701.250000
1970860.750000
1882933.125000
1872123.000000
1934147.750000
1913301.625000
2026258.125000
1987516.875000
1921299.125000
1990780.875000
2000114.000000
1817643.250000
1813643.250000
1823153.625000
1887594.125000
1921529.875000
1981590.750000
2178985.500000
1885010.500000
1937638.000000
1875181.375000
1955939.500000
1757837.375000
1960905.000000
1900755.125000
2022661.375000
1930994.625000
1997630.500000
1869816.375000
1845049.375000
1923266.375000
1882445.250000
1967136.875000
1918467.875000
1922755.125000
1775177.125000
1746813.250000
1921308.500000
1899474.000000
1813153.875000
2086581.750000
1980107.625000
1873452.500000
1856362.750000
1894816.625000
1942580.500000
2027025.250000
1952512.875000
1780692.500000
1808197.500000
2102973.250000
1792265.250000
1963379.000000
1889177.250000
1886075.875000
2163486.500000
1890649.875000
1920721.750000
1863169.125000
2038622.750000
1955709.000000
2007834.250000
1852454.250000
1983066.500000
1807363.250000
1823009.375000
1994823.625000
1883622.750000
2042056.000000
1897297.000000
2009885.500000
1870055.500000
1883053.000000
1874234.625000
2072642.125000
1924283.375000
1923031.250000
2114173.500000
1953868.625000
1970813.375000
2033280.750000
2068227.000000
1792525.750000
1860918.000000
1757865.875000
1836264.750000
1754692.500000
1996445.250000
2001965.000000
1921812.875000
1931928.750000
2050237.000000
1771521.000000
2142889.500000
2016688.375000
1951127.875000
1998130.625000
1815359.625000
2007267.875000
2009517.250000
2040434.000000
1802165.000000
1996497.750000
1998719.250000
1923175.625000
1999519.625000
1869785.125000
1875328.250000
1940059.750000
1809774.125000
2015003.250000
2034329.750000
1889696.125000
1876234.125000
2075651.875000
1772928.000000
2046557.750000
2113980.000000
1937076.250000
2006715.625000
1889771.875000
2012458.125000
1928728.250000
1893714.500000
2013710.125000
1833930.500000
1943923.375000
2004440.375000
1875817.500000
1936823.000000
1844257.750000
1901141.625000
2042163.375000
1809054.250000
1878669.875000
2063429.500000
1778147.000000
1826664.000000
1834444.625000
1785680.000000
2122562.750000
2041503.750000
1780644.500000
1883147.750000
1790797.500000
1815753.250000
1798104.000000
1961691.500000
1956824.000000
2096339.875000
2055284.875000
1885793.500000
2007031.625000
1825227.250000
2015573.500000
1939986.250000
2032523.000000
1971365.500000
1972619.500000
1838647.875000
2101811.750000
1942340.000000
1968597.125000
1951304.750000
1979919.375000
1980765.750000
2009556.375000
1942362.250000
1984919.750000
1929780.500000
2025072.000000
